camera_matrix:
- - 908.1936386247319
  - 0.0
  - 480.71082521550017
- - 0.0
  - 908.2586058120354
  - 383.572841272076
- - 0.0
  - 0.0
  - 1.0
dist_coeff:
- - 0.05155625411768901
  - -0.41493267311279775
  - 0.005018176249190048
  - 0.0022360062833582895
  - 1.2443101537602144
rvecs:
- - - -0.02430638874813698
  - - 0.07983225551681596
  - - 1.740471837088155
- - - -0.02036198688167591
  - - -0.15923043524533279
  - - 1.798013579359372
- - - -0.03891827066697393
  - - -0.1306484295425579
  - - 1.8763776199716822
- - - -0.10466449252112092
  - - -0.048726092410423395
  - - 1.7994229501364258
- - - 0.06958650828007337
  - - 0.10472499601872767
  - - 1.675030319567422
- - - -0.2710041887812926
  - - 0.07578715902702471
  - - 1.6763263536823005
- - - -0.2732072851445838
  - - -0.20176690539836592
  - - 1.602249804321303
- - - -0.14043736792514253
  - - -0.3809690753449912
  - - 1.5568777188017333
- - - 0.11015545285103545
  - - -0.4101318021772854
  - - 1.7432857432264215
- - - 0.07329294946909504
  - - -0.46643854299337967
  - - 1.6421548321631405
- - - 0.3211679133768365
  - - -0.15875397011140094
  - - 1.6241957191541814
- - - 0.23399703921626755
  - - -0.01227073684322562
  - - 1.636021365162692
- - - 0.15579475734216836
  - - 0.017363802806765548
  - - 1.7026003377874193
- - - -0.16923126811995137
  - - -0.2096163435835322
  - - 1.7119458172837396
- - - -0.40691139290757383
  - - -0.16505222243197346
  - - 1.5076343995454269
- - - -0.11315291167748875
  - - 0.20827859823004355
  - - 1.544983492460267
- - - 0.41951749347548273
  - - 0.22304860141112492
  - - 1.7722208076381862
- - - 0.3906140744360359
  - - -0.045553141528382315
  - - 1.8538163309866045
- - - 0.4489374161412557
  - - -0.5588100791934758
  - - 1.5939813438947372
- - - -0.02125950243606759
  - - -0.13349125155125155
  - - 1.5665283291223218
- - - 0.19128852591715054
  - - -0.42733904107227694
  - - 1.8238197017830284
- - - 0.2676117314316829
  - - -0.23067289097675714
  - - 1.6537215460033305
- - - 0.5232453275283071
  - - -0.298175035987079
  - - 1.6194981177003696
- - - 0.46510107017599983
  - - -0.4316136203552217
  - - 1.6796296451164043
- - - 0.15520942461299958
  - - -0.7629611260144629
  - - 1.8471030210432944
- - - -0.12000517334136518
  - - -0.38119176222977497
  - - 1.9718883684956112
tvecs:
- - - 3.2797810328796033
  - - -4.588417369198644
  - - 40.12398244047293
- - - -4.247141161109725
  - - -4.55986558963644
  - - 35.99139732775171
- - - 0.5740439905871947
  - - -2.2156364437903884
  - - 35.55733262800747
- - - 9.037493555849883
  - - -4.867087677301149
  - - 33.46492709655704
- - - 6.48960414319618
  - - -11.318455349591742
  - - 29.916542387672234
- - - 3.529502922326356
  - - -5.910515350947583
  - - 32.907244718567966
- - - 7.731354508600714
  - - -11.127764540685847
  - - 31.633395619563068
- - - 11.955554536101022
  - - -8.705651577583458
  - - 33.44247145669796
- - - 9.897865549983083
  - - -7.146726399891896
  - - 33.424162832126235
- - - 11.84749428746612
  - - -10.646778588745505
  - - 36.879979577328996
- - - 4.198599427232859
  - - -7.314037827203987
  - - 32.097809780012746
- - - 2.942314722936416
  - - -7.4061827671692075
  - - 30.023373626598712
- - - 6.058673399672798
  - - -8.297752196367824
  - - 30.081922673111883
- - - 6.339554253491125
  - - -8.087846619808246
  - - 32.389532797200836
- - - 4.306771956677239
  - - -12.394840846895338
  - - 35.44715478023664
- - - 1.5797750630701188
  - - -8.079833777192325
  - - 33.18538621774261
- - - 1.3770336789997968
  - - -10.232422580541678
  - - 27.566998398895223
- - - 1.613353928495642
  - - -4.1630125172565675
  - - 26.534358229203562
- - - 4.682678821398155
  - - -6.249529478463254
  - - 20.74267996050868
- - - 1.7410020798741561
  - - -9.750287164218324
  - - 40.10340890254915
- - - 10.293517585523325
  - - -4.470617241049931
  - - 35.31677591179466
- - - 5.256027281115396
  - - -5.161953922992302
  - - 37.24746166534844
- - - -0.576966349698935
  - - -12.466393185200495
  - - 41.202394165020735
- - - 4.565282653115035
  - - -12.894399029280155
  - - 38.31049376710359
- - - 4.861085976874749
  - - -14.022862367847512
  - - 42.07724366973132
- - - 7.316950242249693
  - - -5.8860569951244335
  - - 42.55389999064124
